%----------------------------------------------------------------------------
%     n      nb           gflops        reps     averagetime          nflops
%----------------------------------------------------------------------------
      100     10         9.155322E-02      1       7.2269E-03         6.616500E+05
      200     10         6.734843E+00      1       7.8893E-04         5.313300E+06
      300     10         9.128305E+00      1       1.9670E-03         1.795495E+07
      400     10         7.471187E+00      1       5.7001E-03         4.258660E+07
      500     10         9.682092E+00      1       8.5940E-03         8.320825E+07
%----------------------------------------------------------------------------
%     n      nb           gflops        reps     averagetime          nflops
%----------------------------------------------------------------------------
      100     32         1.074977E-01      1       6.1550E-03         6.616500E+05
      200     32         7.767722E+00      1       6.8402E-04         5.313300E+06
      300     32         1.159128E+01      1       1.5490E-03         1.795495E+07
      400     32         1.037229E+01      1       4.1058E-03         4.258660E+07
      500     32         1.415365E+01      1       5.8789E-03         8.320825E+07
      100     48         2.645530E+00      1       2.5010E-04         6.616500E+05
      200     48         7.746123E+00      1       6.8593E-04         5.313300E+06
      300     48         1.057407E+01      1       1.6980E-03         1.795495E+07
      400     48         1.164187E+01      1       3.6581E-03         4.258660E+07
      500     48         1.358296E+01      1       6.1259E-03         8.320825E+07
      100     64         2.980839E+00      1       2.2197E-04         6.616500E+05
      200     64         7.369575E+00      1       7.2098E-04         5.313300E+06
      300     64         6.719775E+00      1       2.6720E-03         1.795495E+07
      400     64         1.106699E+01      1       3.8481E-03         4.258660E+07
      500     64         1.389113E+01      1       5.9900E-03         8.320825E+07
%----------------------------------------------------------------------------
%     n      nb           gflops        reps     averagetime          nflops
%----------------------------------------------------------------------------
     1000     32         3.398828E+00      1       1.9600E-01         6.661665E+08
     2000     32         1.182995E+01      1       4.5066E-01         5.331333E+09
     3000     32         1.054528E+01      1       1.7065E+00         1.799550E+10
     4000     32         1.232319E+01      1       3.4617E+00         4.265867E+10
     5000     32         1.251683E+01      1       6.6567E+00         8.332083E+10
     6000     32         1.297259E+01      1       1.1099E+01         1.439820E+11
     7000     32         1.255332E+01      1       1.8214E+01         2.286422E+11
%----------------------------------------------------------------------------
%     n      nb           gflops        reps     averagetime          nflops
%----------------------------------------------------------------------------
      100     32         6.812569E-03      1       9.7122E-02         6.616500E+05
      200     32         5.448801E+00      1       9.7513E-04         5.313300E+06
      300     32         1.030776E+01      1       1.7419E-03         1.795495E+07
      400     32         1.209843E+01      1       3.5200E-03         4.258660E+07
      500     32         1.041016E+01      1       7.9930E-03         8.320825E+07
      600     32         1.142622E+01      1       1.2587E-02         1.438199E+08
      700     32         1.338067E+01      1       1.7071E-02         2.284216E+08
      800     32         1.265551E+01      1       2.6946E-02         3.410132E+08
      100     48         2.346205E-02      1       2.8201E-02         6.616500E+05
      200     48         5.302307E+00      1       1.0021E-03         5.313300E+06
      300     48         9.586115E+00      1       1.8730E-03         1.795495E+07
      400     48         1.207716E+01      1       3.5262E-03         4.258660E+07
      500     48         1.274423E+01      1       6.5291E-03         8.320825E+07
      600     48         1.355134E+01      1       1.0613E-02         1.438199E+08
      700     48         1.340576E+01      1       1.7039E-02         2.284216E+08
      800     48         1.352529E+01      1       2.5213E-02         3.410132E+08
      100     64         3.019762E+00      1       2.1911E-04         6.616500E+05
      200     64         6.258241E+00      1       8.4901E-04         5.313300E+06
      300     64         1.010446E+01      1       1.7769E-03         1.795495E+07
      400     64         1.229411E+01      1       3.4640E-03         4.258660E+07
      500     64         1.064611E+01      1       7.8158E-03         8.320825E+07
      600     64         1.264462E+01      1       1.1374E-02         1.438199E+08
      700     64         1.369179E+01      1       1.6683E-02         2.284216E+08
      800     64         1.375380E+01      1       2.4794E-02         3.410132E+08
      100     80         2.605785E+00      1       2.5392E-04         6.616500E+05
      200     80         6.325744E+00      1       8.3995E-04         5.313300E+06
      300     80         9.790499E+00      1       1.8339E-03         1.795495E+07
      400     80         1.158824E+01      1       3.6750E-03         4.258660E+07
      500     80         1.045350E+01      1       7.9598E-03         8.320825E+07
      600     80         1.116793E+01      1       1.2878E-02         1.438199E+08
      700     80         1.274452E+01      1       1.7923E-02         2.284216E+08
      800     80         1.018531E+01      1       3.3481E-02         3.410132E+08
      100     96         2.363851E+00      1       2.7990E-04         6.616500E+05
      200     96         5.603620E+00      1       9.4819E-04         5.313300E+06
      300     96         5.725577E+00      1       3.1359E-03         1.795495E+07
      400     96         1.073251E+01      1       3.9680E-03         4.258660E+07
      500     96         9.891469E+00      1       8.4121E-03         8.320825E+07
      600     96         1.234395E+01      1       1.1651E-02         1.438199E+08
      700     96         1.159497E+01      1       1.9700E-02         2.284216E+08
      800     96         1.126905E+01      1       3.0261E-02         3.410132E+08
%----------------------------------------------------------------------------
%     n      nb           gflops        reps     averagetime          nflops
%----------------------------------------------------------------------------
      100     32         6.920947E-02      1       9.5601E-03         6.616500E+05
      200     32         4.673012E+00      1       1.1370E-03         5.313300E+06
      300     32         5.696560E+00      1       3.1519E-03         1.795495E+07
      400     32         9.326501E+00      1       4.5662E-03         4.258660E+07
      500     32         8.872749E+00      1       9.3780E-03         8.320825E+07
      600     32         9.707037E+00      1       1.4816E-02         1.438199E+08
      700     32         1.162861E+01      1       1.9643E-02         2.284216E+08
      800     32         1.145451E+01      1       2.9771E-02         3.410132E+08
      100     48         2.506921E+00      1       2.6393E-04         6.616500E+05
      200     48         6.127466E+00      1       8.6713E-04         5.313300E+06
      300     48         8.285677E+00      1       2.1670E-03         1.795495E+07
      400     48         9.257860E+00      1       4.6000E-03         4.258660E+07
      500     48         1.048869E+01      1       7.9331E-03         8.320825E+07
      600     48         1.097450E+01      1       1.3105E-02         1.438199E+08
      700     48         1.173803E+01      1       1.9460E-02         2.284216E+08
      800     48         1.169053E+01      1       2.9170E-02         3.410132E+08
      100     64         2.322311E+00      1       2.8491E-04         6.616500E+05
      200     64         5.634790E+00      1       9.4295E-04         5.313300E+06
      300     64         5.303043E+00      1       3.3858E-03         1.795495E+07
      400     64         8.386757E+00      1       5.0778E-03         4.258660E+07
      500     64         1.074047E+01      1       7.7472E-03         8.320825E+07
      600     64         1.137365E+01      1       1.2645E-02         1.438199E+08
      700     64         1.198126E+01      1       1.9065E-02         2.284216E+08
      800     64         1.251050E+01      1       2.7258E-02         3.410132E+08
      100     80         2.388263E+00      1       2.7704E-04         6.616500E+05
      200     80         5.282198E+00      1       1.0059E-03         5.313300E+06
      300     80         7.965784E+00      1       2.2540E-03         1.795495E+07
      400     80         9.142711E+00      1       4.6580E-03         4.258660E+07
      500     80         9.953248E+00      1       8.3599E-03         8.320825E+07
      600     80         1.070021E+01      1       1.3441E-02         1.438199E+08
      700     80         1.108838E+01      1       2.0600E-02         2.284216E+08
      800     80         7.887422E+00      1       4.3235E-02         3.410132E+08
      100     96         2.048089E+00      1       3.2306E-04         6.616500E+05
      200     96         4.600660E+00      1       1.1549E-03         5.313300E+06
      300     96         4.707371E+00      1       3.8142E-03         1.795495E+07
      400     96         8.332376E+00      1       5.1110E-03         4.258660E+07
      500     96         8.157653E+00      1       1.0200E-02         8.320825E+07
      600     96         7.131408E+00      1       2.0167E-02         1.438199E+08
      700     96         9.994361E+00      1       2.2855E-02         2.284216E+08
      800     96         1.050889E+01      1       3.2450E-02         3.410132E+08
      100    112         2.169790E+00      1       3.0494E-04         6.616500E+05
      200    112         4.756797E+00      1       1.1170E-03         5.313300E+06
      300    112         4.969547E+00      1       3.6130E-03         1.795495E+07
      400    112         5.307418E+00      1       8.0240E-03         4.258660E+07
      500    112         9.204576E+00      1       9.0399E-03         8.320825E+07
      600    112         8.647634E+00      1       1.6631E-02         1.438199E+08
      700    112         1.065054E+01      1       2.1447E-02         2.284216E+08
      800    112         9.711852E+00      1       3.5113E-02         3.410132E+08
      100    128         2.141328E+00      1       3.0899E-04         6.616500E+05
      200    128         4.319751E+00      1       1.2300E-03         5.313300E+06
      300    128         6.552555E+00      1       2.7401E-03         1.795495E+07
      400    128         7.774249E+00      1       5.4779E-03         4.258660E+07
      500    128         7.253168E+00      1       1.1472E-02         8.320825E+07
      600    128         6.113740E+00      1       2.3524E-02         1.438199E+08
      700    128         1.040972E+01      1       2.1943E-02         2.284216E+08
      800    128         8.306260E+00      1       4.1055E-02         3.410132E+08
%----------------------------------------------------------------------------
%     n      nb           gflops        reps     averagetime          nflops
%----------------------------------------------------------------------------
       10     32         2.377176E-05      1       2.5871E-02         6.150000E+02
       20     32         3.984589E-01      1       1.2875E-05         5.130000E+03
       30     32         1.036466E+00      1       1.6928E-05         1.754500E+04
       40     32         1.315453E-02      1       3.1822E-03         4.186000E+04
       50     32         1.225080E+00      1       6.6996E-05         8.207500E+04
       60     32         2.537822E+00      1       5.6028E-05         1.421900E+05
       70     32         3.021569E+00      1       7.4863E-05         2.262050E+05
       80     32         1.953413E+00      1       1.7309E-04         3.381200E+05
       90     32         3.917407E+00      1       1.2302E-04         4.819350E+05
      100     32         3.104207E+00      1       2.1315E-04         6.616500E+05
       10     48         1.517351E-01      1       4.0531E-06         6.150000E+02
       20     48         5.123043E-01      1       1.0014E-05         5.130000E+03
       30     48         1.022070E+00      1       1.7166E-05         1.754500E+04
       40     48         7.225250E-01      1       5.7936E-05         4.186000E+04
       50     48         1.712674E+00      1       4.7922E-05         8.207500E+04
       60     48         2.259046E+00      1       6.2943E-05         1.421900E+05
       70     48         3.100564E+00      1       7.2956E-05         2.262050E+05
       80     48         3.674036E+00      1       9.2030E-05         3.381200E+05
       90     48         3.090798E+00      1       1.5593E-04         4.819350E+05
      100     48         4.111350E+00      1       1.6093E-04         6.616500E+05
       10     64         1.517351E-01      1       4.0531E-06         6.150000E+02
       20     64         5.662310E-01      1       9.0599E-06         5.130000E+03
       30     64         1.022070E+00      1       1.7166E-05         1.754500E+04
       40     64         1.610767E+00      1       2.5988E-05         4.186000E+04
       50     64         2.111948E+00      1       3.8862E-05         8.207500E+04
       60     64         2.548667E+00      1       5.5790E-05         1.421900E+05
       70     64         2.687741E+00      1       8.4162E-05         2.262050E+05
       80     64         2.049390E+00      1       1.6499E-04         3.381200E+05
       90     64         3.497201E+00      1       1.3781E-04         4.819350E+05
      100     64         3.801591E+00      1       1.7405E-04         6.616500E+05
       10     80         1.228332E-01      1       5.0068E-06         6.150000E+02
       20     80         5.123043E-01      1       1.0014E-05         5.130000E+03
       30     80         9.682772E-01      1       1.8120E-05         1.754500E+04
       40     80         1.500629E+00      1       2.7895E-05         4.186000E+04
       50     80         1.955952E+00      1       4.1962E-05         8.207500E+04
       60     80         2.092590E+00      1       6.7949E-05         1.421900E+05
       70     80         2.408052E+00      1       9.3937E-05         2.262050E+05
       80     80         2.602162E+00      1       1.2994E-04         3.381200E+05
       90     80         2.815295E+00      1       1.7118E-04         4.819350E+05
      100     80         3.464621E+00      1       1.9097E-04         6.616500E+05
       10     96         1.031799E-01      1       5.9605E-06         6.150000E+02
       20     96         5.662310E-01      1       9.0599E-06         5.130000E+03
       30     96         1.022070E+00      1       1.7166E-05         1.754500E+04
       40     96         1.487912E+00      1       2.8133E-05         4.186000E+04
       50     96         1.955952E+00      1       4.1962E-05         8.207500E+04
       60     96         2.454272E+00      1       5.7936E-05         1.421900E+05
       70     96         2.571199E+00      1       8.7976E-05         2.262050E+05
       80     96         2.640928E+00      1       1.2803E-04         3.381200E+05
       90     96         2.851032E+00      1       1.6904E-04         4.819350E+05
      100     96         2.828911E+00      1       2.3389E-04         6.616500E+05
       10    112         1.228332E-01      1       5.0068E-06         6.150000E+02
       20    112         5.123043E-01      1       1.0014E-05         5.130000E+03
       30    112         1.036466E+00      1       1.6928E-05         1.754500E+04
       40    112         1.610767E+00      1       2.5988E-05         4.186000E+04
       50    112         2.111948E+00      1       3.8862E-05         8.207500E+04
       60    112         2.581767E+00      1       5.5075E-05         1.421900E+05
       70    112         2.726358E+00      1       8.2970E-05         2.262050E+05
       80    112         2.888346E+00      1       1.1706E-04         3.381200E+05
       90    112         3.035108E+00      1       1.5879E-04         4.819350E+05
      100    112         3.197190E+00      1       2.0695E-04         6.616500E+05
       10    128         1.228332E-01      1       5.0068E-06         6.150000E+02
       20    128         5.662310E-01      1       9.0599E-06         5.130000E+03
       30    128         1.098344E+00      1       1.5974E-05         1.754500E+04
       40    128         1.610767E+00      1       2.5988E-05         4.186000E+04
       50    128         2.111948E+00      1       3.8862E-05         8.207500E+04
       60    128         2.592992E+00      1       5.4836E-05         1.421900E+05
       70    128         2.457960E+00      1       9.2030E-05         2.262050E+05
       80    128         2.865006E+00      1       1.1802E-04         3.381200E+05
       90    128         3.030558E+00      1       1.5903E-04         4.819350E+05
      100    128         3.226932E+00      1       2.0504E-04         6.616500E+05
%----------------------------------------------------------------------------
%     n      nb           gflops        reps     averagetime          nflops
%----------------------------------------------------------------------------
        8     32         5.094229E-05      1       6.0461E-03         3.080000E+02
       16     32         2.596474E-01      1       1.0014E-05         2.600000E+03
       24     32         6.453443E-01      1       1.3828E-05         8.924000E+03
       32     32         2.570578E-01      1       8.2970E-05         2.132800E+04
        8     48         1.076538E-01      1       2.8610E-06         3.080000E+02
       16     48         3.304603E-01      1       7.8678E-06         2.600000E+03
       24     48         7.485994E-01      1       1.1921E-05         8.924000E+03
       32     48         1.118201E+00      1       1.9073E-05         2.132800E+04
        8     64         9.937274E-02      1       3.0994E-06         3.080000E+02
       16     64         3.760410E-01      1       6.9141E-06         2.600000E+03
       24     64         7.485994E-01      1       1.1921E-05         8.924000E+03
       32     64         1.192748E+00      1       1.7881E-05         2.132800E+04
        8     80         1.076538E-01      1       2.8610E-06         3.080000E+02
       16     80         3.760410E-01      1       6.9141E-06         2.600000E+03
       24     80         7.339210E-01      1       1.2159E-05         8.924000E+03
       32     80         1.177054E+00      1       1.8120E-05         2.132800E+04
        8     96         9.937274E-02      1       3.0994E-06         3.080000E+02
       16     96         4.194304E-01      1       6.1989E-06         2.600000E+03
       24     96         8.136950E-01      1       1.0967E-05         8.924000E+03
       32     96         1.192748E+00      1       1.7881E-05         2.132800E+04
        8    112         1.076538E-01      1       2.8610E-06         3.080000E+02
       16    112         1.880205E-01      1       1.3828E-05         2.600000E+03
       24    112         8.136950E-01      1       1.0967E-05         8.924000E+03
       32    112         1.259945E+00      1       1.6928E-05         2.132800E+04
        8    128         9.937274E-02      1       3.0994E-06         3.080000E+02
       16    128         3.760410E-01      1       6.9141E-06         2.600000E+03
       24    128         7.963823E-01      1       1.1206E-05         8.924000E+03
       32    128         1.259945E+00      1       1.6928E-05         2.132800E+04
